11 12                                                 
  6   5   0   9   2   1   5   4   7   3   5   9  
                                                 
  7  10   2   7   3  10   1   1   6   6   6   1  
                                                 
  1   7   9   8   4  10   5   0   8   8   7   8  
                                                 
  1   4   0   6   7   9   9  10   4   0   0   2  
                                                 
  2   9   2   0  10   3   2   4   7   7   9   9  
                                                 
  2  10   6  10  10   3   4   9   5   0   6   2  
                                                 
  9   2   6   2   5   4   5   9   7   4   1   8  
                                                 
  1   7   6   5  10   8   0   8   6   4   3   5  
                                                 
  0   5   5   8  10   1   1  10   3   3   0   3  
                                                 
  4   9   3   5   3   1   6   0   6   7  10   3  
                                                 
  1   8   8   0   2   2   4   4   3   7   8   8  
                                                 
