16 17
9 1 9 0 7 2 0 0 1 15 11 14 9 11 12 7 10
3 2 7 3 1 15 11 12 8 6 12 3 1 7 6 8 13
8 4 5 5 4 15 15 14 12 11 6 6 6 10 6 1 7
5 1 11 15 4 7 9 2 8 12 10 6 8 5 4 4 7
2 10 14 5 3 9 2 14 13 0 7 10 11 1 12 2 8
7 13 10 9 14 9 1 15 8 4 7 3 12 3 3 8 14
4 3 14 12 3 9 13 10 11 4 11 10 6 5 9 6 8
4 14 13 13 4 11 13 0 4 7 5 7 3 15 12 13 8
5 3 2 11 7 6 5 13 1 6 2 13 0 10 4 4 10
1 3 5 4 15 15 13 14 1 13 11 0 0 5 12 12 8
1 6 12 6 15 2 6 15 13 13 10 4 2 3 15 7 8
10 10 13 1 3 9 9 9 8 1 15 9 2 0 12 14 6
11 3 1 8 4 2 12 15 12 5 8 4 5 5 10 14 0
2 13 11 13 11 9 8 9 14 7 12 1 1 7 2 14 5
14 0 11 7 0 3 3 9 15 10 9 14 15 12 2 14 2
14 0 10 5 0 2 0 15 10 11 6 11 5 6 0 0 8
