21 22
14 1 18 13 10 20 9 0 0 13 20 10 8 17 3 20 15 6 7 10 20 0
9 2 15 16 16 2 19 11 6 7 9 7 19 15 6 14 19 3 4 17 20 5
18 5 0 16 17 16 5 16 2 6 4 5 5 12 19 1 16 11 9 6 15 17
4 16 20 3 3 9 2 15 10 8 18 11 11 9 12 11 6 16 13 9 6 13
3 6 6 14 20 11 1 13 3 15 4 18 8 20 1 18 18 3 5 15 2 13
5 5 9 18 6 4 11 10 8 12 2 10 15 17 18 3 2 17 14 2 12 14
4 11 17 12 6 3 19 6 8 14 7 12 11 9 7 0 6 4 12 7 19 6
17 13 16 14 12 2 12 1 18 11 7 15 12 8 1 1 7 5 12 2 7 20
11 12 16 5 18 19 7 9 15 10 0 19 14 20 16 20 2 15 1 11 8 19
13 16 17 1 8 8 7 10 4 1 12 11 10 9 20 4 2 14 5 17 3 5
12 0 10 16 10 4 4 17 10 17 11 4 16 8 9 10 2 13 5 13 13 14
11 5 13 7 7 18 20 4 10 19 16 14 16 1 15 3 17 14 10 3 0 18
1 1 12 3 8 0 1 4 15 3 15 0 11 15 9 15 12 14 9 8 18 13
18 5 7 3 18 9 13 7 17 16 6 19 17 15 9 14 19 10 20 5 7 0
16 13 14 15 1 11 12 11 4 13 6 13 0 2 18 20 16 19 4 1 13 4
2 3 6 17 17 15 3 9 6 10 8 9 16 8 15 19 19 6 9 3 0 17
7 7 8 2 0 11 8 18 19 12 20 0 0 5 20 15 6 10 9 7 14 10
7 16 10 8 0 3 16 17 20 15 13 2 12 14 4 14 7 18 1 1 9 14
17 18 2 4 0 3 18 2 19 1 14 5 4 11 0 14 20 19 7 6 5 5
3 4 1 18 19 2 19 13 19 5 12 10 8 11 8 1 0 18 8 10 4 12
20 2 19 0 0 17 9 8 20 12 6 5 8 20 13 1 14 17 3 13 11 2