31 32
1 12 2 11 9 18 23 25 5 13 24 16 28 24 8 5 11 26 6 21 27 15 2 9 8 14 16 13 15 21 2 3
30 13 28 1 22 26 16 19 15 25 30 26 12 15 4 13 27 18 22 20 27 14 1 5 30 20 26 10 15 12 13 27
4 21 2 23 3 11 14 23 13 2 16 14 12 20 28 7 2 6 13 9 10 3 18 3 20 29 2 21 21 0 0 27
24 10 27 30 10 25 29 14 20 9 21 2 10 29 22 6 0 4 5 18 0 29 29 2 1 0 27 12 19 7 11 3
0 26 26 22 7 0 13 30 20 8 7 29 1 26 22 14 13 8 15 18 7 22 24 2 8 12 6 11 6 14 14 25
8 24 29 23 4 9 4 4 30 23 28 9 5 4 29 17 5 11 29 12 10 13 23 10 3 7 7 19 5 16 29 20
24 24 6 26 11 12 11 9 8 25 17 19 7 4 12 2 4 19 7 17 14 21 1 18 24 8 18 30 10 20 7 16
19 0 14 1 13 16 5 22 28 28 22 25 1 19 8 18 18 19 11 14 23 10 5 26 14 24 27 29 29 15 23 26
20 2 25 14 2 9 6 6 10 0 20 15 16 22 17 3 24 5 28 9 25 21 27 6 16 28 2 23 16 1 26 12
12 14 18 15 1 17 30 22 8 0 0 1 17 16 18 5 22 14 23 23 26 8 10 20 29 21 28 3 4 1 23 9
17 5 21 11 5 6 30 26 21 16 5 0 8 17 4 26 6 0 8 3 7 4 14 5 1 20 4 10 17 0 27 24
14 13 1 6 19 17 1 12 21 8 13 14 22 23 30 18 13 15 12 13 6 25 29 12 2 29 17 22 22 24 9 9
0 27 21 3 3 26 21 8 29 28 9 15 3 30 15 17 2 28 18 14 11 18 7 27 7 16 5 2 29 19 1 6
3 11 28 9 5 19 3 16 10 0 22 15 7 28 22 25 25 24 20 30 10 11 15 3 25 6 8 15 11 1 23 18
5 24 14 22 27 1 15 13 1 17 20 3 28 23 12 26 1 1 12 2 16 22 18 17 16 22 18 18 15 24 13 7
14 15 12 30 30 11 15 23 25 19 4 24 7 25 30 18 23 16 11 10 4 20 8 4 14 15 2 1 12 24 13 19
3 15 5 4 29 11 0 21 28 25 22 16 25 23 23 11 19 23 12 7 16 24 12 16 16 0 26 1 8 2 28 1
19 19 27 4 13 24 10 11 8 22 26 21 6 14 2 5 18 5 25 2 27 30 17 2 15 30 2 17 13 19 19 24
18 4 26 17 30 24 8 13 8 12 9 6 3 0 9 9 10 15 5 0 1 28 3 17 18 0 21 30 7 20 2 22
4 22 24 30 8 25 27 4 7 26 22 24 23 11 10 20 1 1 14 19 28 29 14 17 5 1 25 6 9 17 21 11
12 29 10 9 9 25 6 25 14 16 6 30 21 18 27 15 13 4 6 29 28 5 27 23 20 24 17 0 20 16 17 28
27 6 10 28 3 29 3 18 8 3 9 0 19 30 7 6 8 28 28 25 18 3 13 25 24 24 0 17 25 29 14 21
13 20 17 4 19 2 2 21 29 16 29 0 16 6 28 9 7 26 17 5 5 26 20 12 10 13 20 15 16 25 27 10
0 5 27 27 27 9 12 9 22 21 30 9 20 18 8 20 30 3 3 30 22 26 21 11 0 15 17 23 26 20 11 26
11 15 4 24 8 16 6 9 25 8 4 21 21 26 6 20 6 3 17 11 10 24 24 7 22 18 4 29 7 10 8 16
8 5 27 11 7 12 27 12 6 17 14 4 24 28 7 24 27 22 13 15 9 19 13 29 29 19 11 20 19 4 27 7
0 9 12 27 3 13 23 30 18 30 27 12 6 9 18 16 13 23 30 23 26 15 25 8 23 23 21 3 21 28 23 5
1 11 19 25 7 25 21 19 10 18 9 19 29 14 30 7 15 21 13 0 0 10 20 29 2 1 8 22 13 11 22 10
26 26 17 24 4 2 9 7 5 0 29 25 11 6 1 6 17 3 21 22 26 6 12 23 21 20 2 15 26 2 15 25
23 11 10 10 4 5 19 0 10 14 18 7 13 28 27 23 22 12 7 12 30 28 28 29 8 5 19 27 16 9 25 18
3 1 21 17 4 28 20 14 26 20 11 30 7 19 4 3 19 27 17 30 16 16 2 19 20 3 14 10 12 28 10 28