31 32
6 15 26 23 17 9 14 12 0 14 18 29 29 0 16 26 15 4 26 5 6 21 8 7 21 21 24 8 8 29 15 2
24 24 9 21 13 17 14 9 0 30 18 28 9 1 29 11 16 12 14 25 28 19 12 18 28 8 9 26 4 11 22 5
21 14 13 24 22 6 23 6 20 1 20 2 29 16 29 21 17 20 21 0 30 28 24 14 8 17 3 16 5 0 4 5
21 7 6 7 13 15 23 16 10 23 14 27 24 6 17 11 22 21 2 4 5 5 16 6 21 30 19 10 11 24 30 25
2 7 6 1 1 2 29 12 3 14 14 15 2 11 17 3 9 14 23 7 19 25 27 12 23 9 19 11 26 12 19 28
25 7 0 11 25 17 14 12 6 30 23 23 26 8 24 30 1 30 3 12 15 23 5 16 29 2 4 18 26 7 5 28
22 28 27 12 3 21 26 9 22 19 7 1 26 3 6 19 21 22 22 14 18 20 0 18 8 12 8 2 30 20 11 16
17 21 5 21 8 5 17 28 17 10 19 26 11 29 30 4 0 19 6 8 29 13 30 11 2 30 6 7 29 8 4 15
24 19 27 27 30 5 24 20 30 8 21 14 10 16 26 3 13 10 7 4 17 19 0 7 29 13 11 27 16 1 25 18
9 1 25 22 21 17 24 23 13 8 22 13 20 19 30 0 14 12 4 15 10 3 5 23 0 13 17 14 16 4 1 20
14 15 3 13 29 23 11 21 27 7 1 5 10 29 21 16 27 0 24 7 26 18 16 27 4 0 18 3 4 22 23 24
19 4 28 0 17 12 2 25 0 21 27 0 10 19 4 16 20 14 12 28 30 3 3 7 12 1 25 9 6 26 2 3
24 12 0 20 27 2 15 1 23 8 8 8 14 7 19 15 16 6 13 15 30 28 16 6 20 21 15 4 13 4 16 20
27 9 8 14 23 29 23 25 7 19 4 23 12 21 16 28 13 26 3 29 6 25 24 21 30 28 19 20 26 28 24 3
30 1 12 25 5 7 25 0 10 4 16 8 23 13 28 11 12 1 27 8 23 9 26 18 7 6 4 15 15 27 30 3
22 10 1 4 16 18 20 3 13 6 25 28 11 2 20 24 0 8 5 19 18 25 26 11 28 13 29 12 28 27 16 23
20 12 30 2 29 5 5 25 6 1 17 20 12 21 22 13 25 17 17 10 17 3 9 8 11 9 24 24 18 1 13 27
20 28 23 26 24 18 28 8 3 29 25 13 27 13 22 14 22 26 15 28 13 10 10 22 12 20 18 15 12 30 17 4
7 5 1 12 25 10 10 13 14 28 20 16 22 30 20 20 5 7 26 4 17 9 28 19 19 27 2 10 29 8 29 20
16 8 13 20 11 24 7 18 18 16 19 24 2 27 6 29 29 27 12 4 10 6 8 15 20 28 1 18 2 3 27 9
28 29 1 20 27 2 14 30 5 10 27 3 2 0 30 23 14 23 11 22 29 17 2 4 2 28 28 6 6 7 30 26
26 10 9 23 4 21 15 30 1 15 10 28 11 6 24 9 4 13 1 7 29 13 12 20 18 25 23 27 2 27 7 0
18 24 8 28 26 2 9 12 25 16 30 11 20 14 10 2 15 22 26 9 21 0 3 9 24 25 24 0 24 21 5 16
22 0 7 18 14 21 3 24 10 27 0 20 11 7 9 19 18 18 16 10 23 17 16 9 6 12 26 1 19 11 9 21
22 3 9 26 27 6 18 23 13 11 28 22 17 13 8 3 25 0 15 10 1 7 9 21 5 26 4 22 18 15 26 5
12 1 26 11 25 13 22 4 18 15 10 9 18 16 8 12 17 18 5 14 24 29 8 11 5 30 2 13 22 4 11 17
6 29 17 1 12 20 2 10 15 22 18 27 22 22 14 2 1 6 0 11 6 16 1 3 14 19 19 20 11 5 29 10
3 28 29 9 25 25 19 2 25 16 30 11 7 5 18 19 22 25 23 19 10 2 15 5 0 8 13 15 22 23 3 17
30 5 0 15 15 29 27 1 19 2 28 26 30 2 18 6 17 3 5 10 22 22 15 26 0 22 13 10 21 1 14 27
12 5 19 19 25 26 23 15 25 1 24 7 5 9 4 27 11 7 24 17 17 14 23 6 0 10 14 20 17 8 10 7
4 6 21 3 17 1 19 4 25 25 9 16 21 3 3 9 13 14 23 30 18 8 11 11 24 9 15 29 7 27 2 0