31 32
19 2 27 20 11 14 16 5 11 21 9 22 29 9 13 26 4 17 12 26 11 12 12 0 16 11 25 20 12 16 24 7
15 23 2 23 24 14 2 21 25 28 13 22 8 9 6 20 14 13 8 18 16 10 29 23 16 11 15 16 1 11 12 18
14 15 26 9 21 29 17 8 22 29 11 20 12 5 29 20 0 27 14 8 6 12 28 13 0 3 9 30 18 15 24 30
6 23 23 15 8 25 0 28 26 5 5 6 16 11 14 18 14 4 1 6 10 11 23 9 17 2 24 22 30 15 10 7
18 10 6 30 0 24 19 22 27 4 21 23 29 2 26 21 4 6 2 6 14 17 10 5 4 11 2 30 25 10 28 0
14 29 9 14 23 16 30 23 14 22 2 13 11 25 7 13 16 26 22 23 3 21 21 20 12 14 3 30 21 11 29 17
30 7 27 13 11 4 3 12 1 5 9 11 30 14 12 7 23 5 0 11 5 6 1 8 20 9 23 30 19 4 23 20
3 18 19 18 26 14 28 9 9 26 20 10 17 27 18 24 28 17 15 4 1 29 30 26 7 4 2 25 5 24 20 1
9 16 28 22 28 29 16 14 19 1 3 11 25 10 28 17 3 30 30 18 26 25 24 28 22 15 4 30 17 24 7 29
26 26 10 13 4 2 7 25 4 21 26 9 22 16 2 22 19 15 27 18 10 17 3 15 23 8 0 18 29 17 21 23
20 28 15 24 3 17 3 6 22 20 26 1 1 8 17 10 30 18 19 25 10 6 21 16 28 25 7 0 18 11 18 4
1 0 17 6 19 10 23 24 12 18 14 28 25 9 22 25 25 14 22 25 10 19 18 12 5 20 11 15 27 25 7 4
15 27 27 17 0 3 1 30 27 22 16 28 27 0 12 9 23 30 8 28 8 12 15 17 2 5 24 5 2 16 26 29
7 10 24 14 26 13 28 26 10 12 2 9 1 29 5 5 13 20 13 25 16 3 18 19 14 11 21 23 5 13 12 25
1 1 5 22 27 23 6 23 28 7 19 19 16 13 16 15 12 19 15 27 13 20 9 13 21 22 13 17 4 9 2 22
6 20 12 19 16 12 3 10 22 22 12 5 8 29 4 6 5 12 8 27 13 16 16 18 10 4 22 26 5 6 28 2
6 9 30 4 24 7 0 21 20 8 14 30 0 21 21 18 25 13 28 16 14 11 1 4 25 19 4 26 9 18 10 2
3 4 1 27 19 16 9 21 18 23 26 22 9 7 30 27 30 17 0 16 28 4 8 8 2 2 2 20 14 16 23 18
19 30 24 5 1 19 30 16 29 14 8 10 19 7 24 4 26 22 10 18 3 27 11 3 27 8 15 21 21 0 25 11
19 26 6 12 23 24 6 0 27 21 3 10 18 20 8 13 14 8 1 13 15 26 7 29 3 23 7 12 18 6 22 27
6 7 8 28 12 17 3 17 24 16 0 0 9 11 7 1 6 26 4 1 6 8 3 19 3 9 25 2 8 6 6 15
5 25 19 2 22 14 16 23 1 2 15 13 27 4 10 25 23 29 29 5 3 0 9 29 27 19 28 5 7 10 16 14
15 23 13 24 21 13 7 28 3 21 28 20 26 7 26 1 26 12 28 11 21 2 13 29 0 3 30 23 6 2 14 5
22 30 13 8 30 11 22 30 7 20 15 12 19 13 1 0 10 22 12 23 17 15 1 24 11 7 1 10 14 2 7 13
15 6 11 8 7 19 24 28 17 22 3 25 9 30 29 4 19 6 16 3 4 12 7 6 3 20 28 23 19 27 0 6
14 6 5 0 10 10 13 23 13 2 26 1 24 5 20 27 3 0 17 24 16 30 7 29 9 4 18 21 27 18 28 1
12 25 18 2 9 10 28 1 29 28 27 13 1 7 20 29 2 11 13 4 14 22 21 5 11 9 15 30 11 17 29 27
22 17 5 11 10 17 16 5 24 8 18 30 25 17 9 4 0 13 25 8 18 26 15 17 8 8 26 24 17 28 28 20
2 0 17 15 21 17 15 20 0 4 22 27 24 20 3 2 4 8 5 19 21 18 2 12 27 7 19 3 14 8 1 20
8 24 25 14 15 0 29 20 1 26 25 15 27 20 19 9 5 0 5 0 21 21 21 10 29 3 24 25 29 0 7 30
29 18 15 19 20 27 21 7 12 24 24 24 6 10 8 25 23 29 9 17 1 19 11 3 26 24 20 21 15 29 27 12