31 32
10 7 27 10 30 10 22 25 3 3 6 21 29 12 1 25 21 10 3 17 29 22 28 0 17 16 8 25 9 20 11 7
11 16 12 9 4 25 11 8 26 20 26 17 20 4 2 5 19 27 2 9 29 1 28 15 14 27 27 27 30 26 30 13
24 5 17 13 2 28 14 9 30 28 17 15 20 23 26 6 20 1 25 21 13 27 28 9 24 20 30 25 23 29 1 9
4 6 8 22 10 25 16 6 30 10 28 1 3 5 4 18 8 8 24 28 23 26 19 26 12 27 17 10 6 20 17 26
28 14 19 8 11 5 18 14 16 26 3 25 30 18 23 0 20 17 27 28 11 25 7 12 4 3 29 21 5 28 8 11
27 20 7 4 6 5 25 14 19 7 27 22 2 20 13 13 30 21 26 19 23 12 9 19 7 24 16 17 1 8 4 7
15 16 26 20 24 15 4 22 18 15 19 18 9 5 10 24 9 11 0 3 10 3 5 8 20 21 7 14 0 21 28 15
26 14 11 30 10 27 4 8 21 13 27 28 13 4 25 26 19 27 29 8 16 28 22 16 6 13 8 17 19 21 25 15
24 27 6 13 14 14 1 29 0 25 23 1 11 18 4 5 13 11 28 12 25 25 29 8 9 9 19 0 0 18 23 15
4 18 10 10 19 30 24 9 18 15 7 7 13 5 30 21 18 21 0 15 29 4 14 0 7 12 3 6 8 25 23 2
3 23 20 29 10 23 18 19 1 17 11 15 11 22 20 24 4 14 27 0 2 2 14 0 3 8 8 12 27 4 27 8
19 22 30 2 24 13 20 15 8 28 1 2 20 0 19 12 0 6 21 10 28 21 2 5 19 16 15 10 5 22 7 17
13 20 28 8 26 16 9 1 15 3 29 10 10 15 30 14 24 29 6 10 23 4 29 16 19 28 7 26 7 7 22 13
16 14 12 0 1 23 0 27 14 0 23 4 3 20 7 5 8 12 29 23 17 3 29 18 15 18 18 28 12 9 3 22
11 16 27 22 9 15 29 12 13 24 23 29 11 24 24 9 9 28 24 9 5 9 26 12 14 26 30 12 25 14 13 26
21 6 1 13 30 19 22 7 7 2 7 8 17 19 13 4 3 14 4 17 12 1 23 21 26 22 24 24 29 20 16 23
24 15 24 7 15 7 25 5 18 0 24 0 20 1 21 3 29 29 4 5 3 28 23 23 3 18 7 1 19 15 18 27
16 13 17 26 7 9 5 6 13 2 7 27 5 5 4 27 22 19 11 15 5 12 13 1 11 12 16 5 19 23 21 20
24 8 10 22 9 11 11 30 10 17 29 4 29 21 17 8 1 1 14 25 22 7 14 17 8 14 11 24 1 3 26 4
13 14 1 2 24 22 15 20 2 5 5 0 2 21 1 13 0 16 18 2 14 29 7 30 30 29 19 26 19 11 16 6
21 1 27 6 30 27 22 25 9 10 1 16 17 2 18 24 28 27 27 8 6 6 18 19 17 12 26 0 16 17 4 12
16 0 13 21 3 3 16 6 24 3 17 25 19 11 11 20 18 21 24 27 0 22 2 17 6 12 18 0 16 10 11 0
30 14 27 24 15 7 30 18 3 27 12 19 23 12 22 18 4 14 15 6 4 12 2 22 2 22 13 7 2 0 11 3
21 23 10 8 2 6 16 20 23 25 25 26 20 22 9 16 19 24 4 17 21 11 4 11 12 23 16 18 30 1 17 2
24 7 20 8 30 1 22 22 2 29 25 6 19 20 28 29 12 24 27 15 6 10 10 5 8 28 14 25 17 3 20 20
19 2 11 23 23 30 17 29 26 27 20 2 12 22 4 15 20 22 23 25 28 26 5 3 0 30 11 9 10 0 17 1
23 9 25 15 18 24 10 3 22 5 25 10 15 21 26 8 13 30 9 16 21 17 18 15 14 10 5 13 5 30 17 26
21 0 16 3 30 13 6 30 19 28 2 12 10 23 15 21 9 28 25 0 21 19 29 1 1 5 26 6 29 14 23 9
26 2 14 4 23 20 9 18 7 2 16 28 7 6 11 15 13 29 17 23 14 13 12 8 13 2 13 18 28 11 26 21
1 26 26 24 2 12 1 11 30 14 5 29 11 3 16 10 18 6 12 30 7 3 14 6 22 2 0 16 22 28 18 8
6 6 3 4 19 21 25 9 27 18 28 30 9 15 22 6 28 0 25 1 10 4 21 12 6 16 29 5 5 25 9 8