31 32
26 3 14 3 27 15 10 15 15 2 4 3 18 23 0 0 12 9 27 5 26 23 24 24 25 3 6 14 15 22 19 5
8 28 29 28 8 7 22 17 17 29 6 2 15 7 28 9 30 17 29 30 10 5 14 1 25 0 0 22 4 14 9 19
21 13 7 28 18 20 9 21 12 21 16 24 11 4 19 9 5 13 25 8 8 8 7 0 28 21 27 26 24 12 24 14
16 1 14 26 19 21 29 18 14 1 29 30 23 8 8 28 8 24 14 16 9 17 20 8 21 29 0 16 18 2 22 10
19 19 15 4 30 22 3 10 28 16 24 13 30 5 6 30 19 12 29 3 17 2 22 22 16 16 25 22 20 13 7 23
23 18 16 23 13 3 11 6 21 15 25 27 3 26 27 10 12 20 27 12 17 16 13 24 5 29 4 30 24 13 12 28
13 6 25 29 17 28 2 6 0 17 3 21 21 5 26 14 19 0 30 3 3 17 23 12 13 4 30 25 22 25 4 18
30 7 6 28 1 1 1 1 19 18 20 4 5 20 27 13 12 0 21 9 29 17 22 1 15 18 18 2 4 23 28 11
18 26 19 15 30 8 1 2 19 5 7 19 3 8 29 3 15 13 21 20 8 5 6 20 14 28 2 6 23 1 3 29
11 8 22 17 1 21 10 16 1 14 21 29 4 14 11 20 15 25 21 25 8 7 4 21 10 24 0 25 23 9 26 10
11 19 0 19 29 27 0 16 4 4 22 28 5 4 24 9 26 9 1 27 1 1 28 7 17 19 8 7 25 11 0 14
22 8 7 6 27 19 29 16 25 10 23 2 16 4 0 1 24 21 7 6 7 27 0 24 20 26 1 26 13 21 23 27
6 26 17 16 30 4 8 28 12 12 24 21 9 8 16 8 2 29 12 17 5 25 10 19 19 23 4 12 13 14 17 21
22 1 8 12 22 5 22 9 0 5 28 28 0 13 1 21 21 11 11 10 10 22 3 17 29 13 24 7 23 23 8 20
28 21 1 22 27 11 0 13 28 3 17 20 14 23 22 6 29 11 23 7 14 5 7 7 16 18 26 13 6 24 18 22
5 11 19 19 17 18 30 12 4 25 25 26 3 24 15 9 17 9 7 16 30 14 28 24 28 30 27 24 3 23 7 20
13 29 3 16 28 17 26 17 19 5 12 2 0 16 2 0 17 27 29 10 20 18 25 16 3 15 23 23 29 26 5 20
28 5 11 27 29 10 16 19 16 5 24 7 8 20 13 9 5 12 15 9 9 3 9 12 4 1 2 10 23 29 14 20
30 18 21 6 10 25 20 19 30 6 29 9 3 20 0 24 18 3 9 2 12 1 17 24 0 22 11 17 15 0 30 14
30 23 11 15 16 15 0 15 22 9 22 11 9 10 17 29 15 19 21 26 19 25 11 26 18 20 7 16 24 18 16 27
5 26 2 3 9 22 6 30 18 26 2 27 28 7 2 29 29 10 30 23 8 20 6 2 11 8 20 10 24 9 23 26
21 2 27 23 12 26 22 24 30 20 1 15 6 15 2 2 27 8 1 24 15 14 16 2 20 2 25 23 15 26 14 9
26 20 22 23 30 11 22 1 14 20 28 11 14 9 20 25 8 12 25 30 27 6 0 19 11 5 15 18 4 6 9 25
26 4 27 7 14 30 18 12 10 9 18 14 13 7 10 9 17 12 20 25 26 27 0 28 11 1 28 6 14 24 2 25
0 5 26 21 2 9 4 4 20 4 25 2 11 25 27 29 15 30 4 29 19 27 25 28 16 6 10 19 2 11 12 12
8 13 16 3 4 15 1 14 18 18 11 4 11 19 13 16 29 20 5 8 10 7 17 15 18 13 0 26 4 17 7 30
2 4 5 26 27 25 22 23 2 13 10 10 6 27 29 10 0 2 4 15 30 7 18 28 3 24 6 11 10 19 12 2
21 22 1 1 17 10 3 20 5 20 25 22 7 28 14 13 21 15 30 11 26 5 25 27 16 10 22 11 16 10 6 12
30 3 11 24 3 17 23 18 15 24 1 8 24 5 7 3 28 26 30 10 23 21 13 5 6 18 17 22 13 19 5 21
6 7 27 28 9 19 9 17 13 23 14 24 3 1 18 7 11 14 13 18 14 14 3 26 27 13 5 2 15 6 12 4
30 7 6 16 6 21 15 8 13 25 23 29 0 10 21 13 8 12 27 6 4 0 27 18 1 11 0 18 12 12 12 8
